 ----------------   CP     1,     Type (3,-3)   ----------------
 Position (Bohr):   13.84791234126380   -7.80267885086867   13.17328172073129
 Density of all electrons:  0.1821603914E+03
 Density of Alpha electrons:  0.9108019568E+02
 Density of Beta electrons:  0.9108019568E+02
 Spin density of electrons:  0.0000000000E+00
 Lagrangian kinetic energy G(r):  0.1946681696E+02
 G(r) in X,Y,Z:  0.5799031771E+01  0.5314091305E+01  0.8353693882E+01
 Hamiltonian kinetic energy K(r):  0.1441274663E+06
 Potential energy density V(r): -0.1441469331E+06
 Energy density E(r) or H(r): -0.1441274663E+06
 Laplacian of electron density: -0.5764319980E+06
 Electron localization function (ELF):  0.9999986585E+00
 Localized orbital locator (LOL):  0.9988430879E+00
 Local information entropy:  0.3677944659E+00
 Reduced density gradient (RDG):  0.1000000000E+03
 Reduced density gradient with promolecular approximation:  0.1000000000E+03
 Sign(lambda2)*rho: -0.1821603914E+03
 Sign(lambda2)*rho with promolecular approximation: -0.1931680713E+03
 Corr. hole for alpha, ref.:   0.00000   0.00000   0.00000 : -0.2556117434E-05
 Source function, ref.:   0.00000   0.00000   0.00000 :  0.2221983115E+04
 Wavefunction value for orbital         1 : -0.4149139289E-09
 Average local ionization energy (ALIE):  0.1366216530E+02
 Delta_g (under promolecular approximation):  0.3046545260E-01
 Delta_g (under Hirshfeld partition):  0.4588948587E-01
 User-defined real space function:  0.1000000000E+01
 ESP from nuclear charges:  0.5865294078E+07
 
 Note: Below information are for electron density
 
 Components of gradient in x/y/z are:
 -0.5400711822E-10 -0.1469024902E-10  0.4753418492E-10
 Norm of gradient is:  0.7343072226E-10
 
 Components of Laplacian in x/y/z are:
 -0.1921469561E+06 -0.1921489725E+06 -0.1921360695E+06
 Total: -0.5764319980E+06
 
 Hessian matrix:
 -0.1921469561E+06 -0.9017971374E+00 -0.3021701046E+01
 -0.9017971374E+00 -0.1921489725E+06  0.1857725227E+01
 -0.3021701046E+01  0.1857725227E+01 -0.1921360695E+06
 Eigenvalues of Hessian: -0.1921493656E+06 -0.1921476389E+06 -0.1921349935E+06
 Eigenvectors(columns) of Hessian:
 -0.2674725945E+00 -0.9298873351E+00 -0.2525231775E+00
 -0.9607618824E+00  0.2373957433E+00  0.1434568451E+00
  0.7345077595E-01 -0.2809854180E+00  0.9568971619E+00
 Determinant of Hessian: -0.7093825111E+16
 Ellipticity of electron density:    0.000009
 eta index:   -1.000075
 
 ----------------   CP     2,     Type (3,+1)   ----------------
 Position (Bohr):   16.59223490932849    2.28425273439851   14.38335123810178
 Density of all electrons:  0.2926049774E-04
 Density of Alpha electrons:  0.1463024887E-04
 Density of Beta electrons:  0.1463024887E-04
 Spin density of electrons:  0.0000000000E+00
 Lagrangian kinetic energy G(r):  0.2736548039E-04
 G(r) in X,Y,Z:  0.2548103179E-05  0.1493206132E-04  0.9885315889E-05
 Hamiltonian kinetic energy K(r): -0.1823859009E-04
 Potential energy density V(r): -0.9126890298E-05
 Energy density E(r) or H(r):  0.1823859009E-04
 Laplacian of electron density:  0.1824162819E-03
 Electron localization function (ELF):  0.4558266940E-05
 Localized orbital locator (LOL):  0.2906726349E-02
 Local information entropy:  0.9637349039E-06
 Reduced density gradient (RDG):  0.1622865270E-13
 Reduced density gradient with promolecular approximation:  0.1873906422E+01
 Sign(lambda2)*rho:  0.2926049774E-04
 Sign(lambda2)*rho with promolecular approximation: -0.1661068986E-03
 Corr. hole for alpha, ref.:   0.00000   0.00000   0.00000 : -0.4048709165E-08
 Source function, ref.:   0.00000   0.00000   0.00000 : -0.6575224546E-06
 Wavefunction value for orbital         1 : -0.2705930206E-07
 Average local ionization energy (ALIE):  0.4981538806E+00
 Delta_g (under promolecular approximation):  0.2023199663E-03
 Delta_g (under Hirshfeld partition):  0.5274342353E-04
 User-defined real space function:  0.1000000000E+01
 ESP from nuclear charges:  0.3597504667E+02
 
 Note: Below information are for electron density
 
 Components of gradient in x/y/z are:
 -0.1524659305E-19 -0.6437450399E-19 -0.6013933926E-19
 Norm of gradient is:  0.8940512004E-19
 
 Components of Laplacian in x/y/z are:
  0.4569187225E-05  0.1101545738E-03  0.6769252090E-04
 Total:  0.1824162819E-03
 
 Hessian matrix:
  0.4569187225E-05  0.4445355748E-04  0.2477936472E-04
  0.4445355748E-04  0.1101545738E-03  0.7237571551E-04
  0.2477936472E-04  0.7237571551E-04  0.6769252090E-04
 Eigenvalues of Hessian: -0.1171755340E-04  0.1517469982E-04  0.1789591355E-03
 Eigenvectors(columns) of Hessian:
  0.9304885113E+00  0.2382945046E+00  0.2782208823E+00
 -0.3639762139E+00  0.5156175263E+00  0.7756673787E+00
  0.4138171067E-01 -0.8230153678E+00  0.5665097160E+00
 Determinant of Hessian: -0.3182078751E-13
 Ellipticity of electron density:   -1.772177
 eta index:    0.065476
 
 ----------------   CP     3,     Type (3,-1)   ----------------
 Position (Bohr):   14.30794140494509   -6.21327995995531   13.00673918616432
 Density of all electrons:  0.2553736063E+00
 Density of Alpha electrons:  0.1276868031E+00
 Density of Beta electrons:  0.1276868031E+00
 Spin density of electrons:  0.0000000000E+00
 Lagrangian kinetic energy G(r):  0.1054282168E+00
 G(r) in X,Y,Z:  0.4090262902E-01  0.1416024591E-01  0.5036534185E-01
 Hamiltonian kinetic energy K(r):  0.2692606170E+00
 Potential energy density V(r): -0.3746888338E+00
 Energy density E(r) or H(r): -0.2692606170E+00
 Laplacian of electron density: -0.6553296010E+00
 Electron localization function (ELF):  0.8868189169E+00
 Localized orbital locator (LOL):  0.7368035770E+00
 Local information entropy:  0.3831393609E-02
 Reduced density gradient (RDG):  0.1000000000E+03
 Reduced density gradient with promolecular approximation:  0.1000000000E+03
 Sign(lambda2)*rho: -0.2553736063E+00
 Sign(lambda2)*rho with promolecular approximation: -0.2166615789E+00
 Corr. hole for alpha, ref.:   0.00000   0.00000   0.00000 : -0.1014278728E-06
 Source function, ref.:   0.00000   0.00000   0.00000 :  0.2567670943E-02
 Wavefunction value for orbital         1 : -0.6788187628E-09
 Average local ionization energy (ALIE):  0.6693091319E+00
 Delta_g (under promolecular approximation):  0.2965072251E+00
 Delta_g (under Hirshfeld partition):  0.4166660780E+00
 User-defined real space function:  0.1000000000E+01
 ESP from nuclear charges:  0.4148680379E+02
 
 Note: Below information are for electron density
 
 Components of gradient in x/y/z are:
 -0.5134781489E-15  0.7372574773E-16  0.2324529458E-15
 Norm of gradient is:  0.5684449554E-15
 
 Components of Laplacian in x/y/z are:
 -0.4535016298E+00  0.2654833073E+00 -0.4673112784E+00
 Total: -0.6553296010E+00
 
 Hessian matrix:
 -0.4535016298E+00  0.2122600645E+00 -0.2961727131E-01
  0.2122600645E+00  0.2654833073E+00 -0.7456138338E-01
 -0.2961727131E-01 -0.7456138338E-01 -0.4673112784E+00
 Eigenvalues of Hessian: -0.5135482372E+00 -0.4732114565E+00  0.3314300927E+00
 Eigenvectors(columns) of Hessian:
 -0.9453577239E+00 -0.1923597061E+00  0.2632423169E+00
  0.2360536806E+00  0.1531120802E+00  0.9596016626E+00
 -0.2248942725E+00  0.9693061613E+00 -0.9933847104E-01
 Determinant of Hessian:  0.8054311679E-01
 Ellipticity of electron density:    0.085240
 eta index:    1.549492
 
 ----------------   CP     4,     Type (3,-1)   ----------------
 Position (Bohr):   14.26747535367676   -4.62910361628765   11.51112581996883
 Density of all electrons:  0.2288969565E+00
 Density of Alpha electrons:  0.1144484783E+00
 Density of Beta electrons:  0.1144484783E+00
 Spin density of electrons:  0.0000000000E+00
 Lagrangian kinetic energy G(r):  0.4967808075E-01
 G(r) in X,Y,Z:  0.2170894114E-01  0.1873460286E-01  0.9234536752E-02
 Hamiltonian kinetic energy K(r):  0.1748350691E+00
 Potential energy density V(r): -0.2245131499E+00
 Energy density E(r) or H(r): -0.1748350691E+00
 Laplacian of electron density: -0.5006279535E+00
 Electron localization function (ELF):  0.9607785332E+00
 Localized orbital locator (LOL):  0.8319430571E+00
 Local information entropy:  0.3483675976E-02
 Reduced density gradient (RDG):  0.1000000000E+03
 Reduced density gradient with promolecular approximation:  0.1000000000E+03
 Sign(lambda2)*rho: -0.2288969565E+00
 Sign(lambda2)*rho with promolecular approximation: -0.1637703442E+00
 Corr. hole for alpha, ref.:   0.00000   0.00000   0.00000 : -0.2369553343E-06
 Source function, ref.:   0.00000   0.00000   0.00000 :  0.2107026315E-02
 Wavefunction value for orbital         1 : -0.4974721053E-09
 Average local ionization energy (ALIE):  0.5535396481E+00
 Delta_g (under promolecular approximation):  0.2945123661E+00
 Delta_g (under Hirshfeld partition):  0.4358136078E+00
 User-defined real space function:  0.1000000000E+01
 ESP from nuclear charges:  0.4304687078E+02
 
 Note: Below information are for electron density
 
 Components of gradient in x/y/z are:
  0.1526556659E-15  0.1769417945E-15 -0.1665334537E-15
 Norm of gradient is:  0.2869591298E-15
 
 Components of Laplacian in x/y/z are:
 -0.3647852928E+00 -0.3357878963E+00  0.1999452356E+00
 Total: -0.5006279535E+00
 
 Hessian matrix:
 -0.3647852928E+00 -0.5187529346E-01  0.1427289126E+00
 -0.5187529346E-01 -0.3357878963E+00 -0.2175859665E+00
  0.1427289126E+00 -0.2175859665E+00  0.1999452356E+00
 Eigenvalues of Hessian: -0.4131117015E+00 -0.3988085281E+00  0.3112922761E+00
 Eigenvectors(columns) of Hessian:
 -0.7625080139E-01 -0.9727052258E+00  0.2191582968E+00
 -0.9451235369E+00  0.4776371950E-03 -0.3267128279E+00
 -0.3176905969E+00  0.2320437795E+00  0.9193630235E+00
 Determinant of Hessian:  0.5128617126E-01
 Ellipticity of electron density:    0.035865
 eta index:    1.327086
 
 ----------------   CP     5,     Type (3,-1)   ----------------
 Position (Bohr):   14.87114811329223   -4.72091932294536    9.19011980027294
 Density of all electrons:  0.2418992653E+00
 Density of Alpha electrons:  0.1209496327E+00
 Density of Beta electrons:  0.1209496327E+00
 Spin density of electrons:  0.0000000000E+00
 Lagrangian kinetic energy G(r):  0.5440212449E-01
 G(r) in X,Y,Z:  0.1700547748E-01  0.2194535627E-01  0.1545129074E-01
 Hamiltonian kinetic energy K(r):  0.1917934914E+00
 Potential energy density V(r): -0.2461956159E+00
 Energy density E(r) or H(r): -0.1917934914E+00
 Laplacian of electron density: -0.5495654677E+00
 Electron localization function (ELF):  0.9608734214E+00
 Localized orbital locator (LOL):  0.8321167760E+00
 Local information entropy:  0.3655150758E-02
 Reduced density gradient (RDG):  0.1000000000E+03
 Reduced density gradient with promolecular approximation:  0.1000000000E+03
 Sign(lambda2)*rho: -0.2418992653E+00
 Sign(lambda2)*rho with promolecular approximation: -0.1741658926E+00
 Corr. hole for alpha, ref.:   0.00000   0.00000   0.00000 : -0.5924568080E-08
 Source function, ref.:   0.00000   0.00000   0.00000 :  0.2415133986E-02
 Wavefunction value for orbital         1 :  0.9683510587E-11
 Average local ionization energy (ALIE):  0.5503084859E+00
 Delta_g (under promolecular approximation):  0.3205395964E+00
 Delta_g (under Hirshfeld partition):  0.4556474534E+00
 User-defined real space function:  0.1000000000E+01
 ESP from nuclear charges:  0.4242804568E+02
 
 Note: Below information are for electron density
 
 Components of gradient in x/y/z are:
 -0.1786765180E-15  0.1630640067E-15  0.1249000903E-15
 Norm of gradient is:  0.2722410714E-15
 
 Components of Laplacian in x/y/z are:
 -0.1384346048E+00 -0.3268851812E+00 -0.8424568178E-01
 Total: -0.5495654677E+00
 
 Hessian matrix:
 -0.1384346048E+00 -0.1766343773E+00 -0.3209608058E+00
 -0.1766343773E+00 -0.3268851812E+00  0.1928550323E+00
 -0.3209608058E+00  0.1928550323E+00 -0.8424568178E-01
 Eigenvalues of Hessian: -0.4337336629E+00 -0.4328153648E+00  0.3169835599E+00
 Eigenvectors(columns) of Hessian:
  0.4652105288E+00 -0.6250609314E+00 -0.6267998053E+00
 -0.5217041927E+00 -0.7656456581E+00  0.3763129835E+00
  0.7151250934E+00 -0.1519393243E+00  0.6822833301E+00
 Determinant of Hessian:  0.5950624391E-01
 Ellipticity of electron density:    0.002122
 eta index:    1.368316
 
 ----------------   CP     6,     Type (3,-1)   ----------------
 Position (Bohr):   12.86196432506891   -0.82705962175858   10.60873070401490
 Density of all electrons:  0.2826012490E+00
 Density of Alpha electrons:  0.1413006245E+00
 Density of Beta electrons:  0.1413006245E+00
 Spin density of electrons:  0.0000000000E+00
 Lagrangian kinetic energy G(r):  0.4567999116E-01
 G(r) in X,Y,Z:  0.9259324184E-02  0.1963526179E-01  0.1678540519E-01
 Hamiltonian kinetic energy K(r):  0.3102303299E+00
 Potential energy density V(r): -0.3559103211E+00
 Energy density E(r) or H(r): -0.3102303299E+00
 Laplacian of electron density: -0.1058201355E+01
 Electron localization function (ELF):  0.9831902110E+00
 Localized orbital locator (LOL):  0.8843862998E+00
 Local information entropy:  0.4183311136E-02
 Reduced density gradient (RDG):  0.1000000000E+03
 Reduced density gradient with promolecular approximation:  0.1000000000E+03
 Sign(lambda2)*rho: -0.2826012490E+00
 Sign(lambda2)*rho with promolecular approximation: -0.1854743831E+00
 Corr. hole for alpha, ref.:   0.00000   0.00000   0.00000 : -0.2500012975E-04
 Source function, ref.:   0.00000   0.00000   0.00000 :  0.5044541067E-02
 Wavefunction value for orbital         1 :  0.3254316078E-08
 Average local ionization energy (ALIE):  0.5495162030E+00
 Delta_g (under promolecular approximation):  0.2841262804E+00
 Delta_g (under Hirshfeld partition):  0.5020548809E+00
 User-defined real space function:  0.1000000000E+01
 ESP from nuclear charges:  0.4312286010E+02
 
 Note: Below information are for electron density
 
 Components of gradient in x/y/z are:
 -0.1006139616E-15  0.4857225733E-16 -0.9714451465E-16
 Norm of gradient is:  0.1480523224E-15
 
 Components of Laplacian in x/y/z are:
 -0.4263776334E-01 -0.5644175395E+00 -0.4511460521E+00
 Total: -0.1058201355E+01
 
 Hessian matrix:
 -0.4263776334E-01 -0.2966819463E+00 -0.4048321044E+00
 -0.2966819463E+00 -0.5644175395E+00  0.1805245965E+00
 -0.4048321044E+00  0.1805245965E+00 -0.4511460521E+00
 Eigenvalues of Hessian: -0.7011541106E+00 -0.6969617206E+00  0.3399144763E+00
 Eigenvectors(columns) of Hessian:
 -0.6047300408E+00 -0.4206940937E-01  0.7953186422E+00
 -0.4132498882E+00 -0.8370804914E+00 -0.3584979510E+00
 -0.6808275169E+00  0.5454598205E+00 -0.4888225410E+00
 Determinant of Hessian:  0.1661085821E+00
 Ellipticity of electron density:    0.006015
 eta index:    2.062737
 
 ----------------   CP     7,     Type (3,-1)   ----------------
 Position (Bohr):   15.90720252007888   -5.07007188581272   13.03384054525082
 Density of all electrons:  0.2875792200E+00
 Density of Alpha electrons:  0.1437896100E+00
 Density of Beta electrons:  0.1437896100E+00
 Spin density of electrons:  0.0000000000E+00
 Lagrangian kinetic energy G(r):  0.4103513521E-01
 G(r) in X,Y,Z:  0.3579541880E-02  0.1710297026E-01  0.2035262307E-01
 Hamiltonian kinetic energy K(r):  0.3164921360E+00
 Potential energy density V(r): -0.3575272713E+00
 Energy density E(r) or H(r): -0.3164921360E+00
 Laplacian of electron density: -0.1101828003E+01
 Electron localization function (ELF):  0.9871497696E+00
 Localized orbital locator (LOL):  0.8976124864E+00
 Local information entropy:  0.4247075393E-02
 Reduced density gradient (RDG):  0.1000000000E+03
 Reduced density gradient with promolecular approximation:  0.1000000000E+03
 Sign(lambda2)*rho: -0.2875792200E+00
 Sign(lambda2)*rho with promolecular approximation: -0.1834895573E+00
 Corr. hole for alpha, ref.:   0.00000   0.00000   0.00000 : -0.4986657276E-06
 Source function, ref.:   0.00000   0.00000   0.00000 :  0.4139633164E-02
 Wavefunction value for orbital         1 : -0.1137781317E-08
 Average local ionization energy (ALIE):  0.5604335700E+00
 Delta_g (under promolecular approximation):  0.2875465062E+00
 Delta_g (under Hirshfeld partition):  0.5167081610E+00
 User-defined real space function:  0.1000000000E+01
 ESP from nuclear charges:  0.3978880432E+02
 
 Note: Below information are for electron density
 
 Components of gradient in x/y/z are:
 -0.4718447855E-15 -0.9280770596E-16 -0.2870967353E-15
 Norm of gradient is:  0.5600672346E-15
 
 Components of Laplacian in x/y/z are:
  0.3448351532E+00 -0.7364454741E+00 -0.7102176824E+00
 Total: -0.1101828003E+01
 
 Hessian matrix:
  0.3448351532E+00  0.5448919279E-01  0.1139214345E+00
  0.5448919279E-01 -0.7364454741E+00  0.4989685936E-02
  0.1139214345E+00  0.4989685936E-02 -0.7102176824E+00
 Eigenvalues of Hessian: -0.7392161991E+00 -0.7223383646E+00  0.3597265604E+00
 Eigenvectors(columns) of Hessian:
  0.5467700106E-01 -0.1035655455E+00 -0.9931186250E+00
 -0.9975712588E+00 -0.4864840426E-01 -0.4984893547E-01
 -0.4315100415E-01  0.9934321872E+00 -0.1059739605E+00
 Determinant of Hessian:  0.1920811124E+00
 Ellipticity of electron density:    0.023366
 eta index:    2.054939
 
 ----------------   CP     8,     Type (3,-1)   ----------------
 Position (Bohr):   14.37548779060832   -3.68772706165264    2.80252888239185
 Density of all electrons:  0.1250724268E-03
 Density of Alpha electrons:  0.6253621339E-04
 Density of Beta electrons:  0.6253621339E-04
 Spin density of electrons:  0.0000000000E+00
 Lagrangian kinetic energy G(r):  0.6509643439E-04
 G(r) in X,Y,Z:  0.1736638378E-05  0.7907503922E-05  0.5545229209E-04
 Hamiltonian kinetic energy K(r): -0.3631195410E-04
 Potential energy density V(r): -0.2878448029E-04
 Energy density E(r) or H(r):  0.3631195410E-04
 Laplacian of electron density:  0.4056335540E-03
 Electron localization function (ELF):  0.1430128352E-03
 Localized orbital locator (LOL):  0.1360911029E-01
 Local information entropy:  0.3760367827E-05
 Reduced density gradient (RDG):  0.1254246160E-14
 Reduced density gradient with promolecular approximation:  0.3195339942E+00
 Sign(lambda2)*rho: -0.1250724268E-03
 Sign(lambda2)*rho with promolecular approximation: -0.4736052912E-03
 Corr. hole for alpha, ref.:   0.00000   0.00000   0.00000 : -0.1139799747E-06
 Source function, ref.:   0.00000   0.00000   0.00000 : -0.2137241552E-05
 Wavefunction value for orbital         1 :  0.3496672446E-09
 Average local ionization energy (ALIE):  0.4712015211E+00
 Delta_g (under promolecular approximation):  0.6809607383E-03
 Delta_g (under Hirshfeld partition):  0.2384661490E-03
 User-defined real space function:  0.1000000000E+01
 ESP from nuclear charges:  0.3515095109E+02
 
 Note: Below information are for electron density
 
 Components of gradient in x/y/z are:
 -0.1694065895E-20 -0.1355252716E-19  0.5421010862E-19
 Norm of gradient is:  0.5590417452E-19
 
 Components of Laplacian in x/y/z are:
 -0.5247422805E-04  0.7377105176E-05  0.4507306769E-03
 Total:  0.4056335540E-03
 
 Hessian matrix:
 -0.5247422805E-04 -0.3347365652E-04  0.8652122009E-04
 -0.3347365652E-04  0.7377105176E-05 -0.1925689508E-03
  0.8652122009E-04 -0.1925689508E-03  0.4507306769E-03
 Eigenvalues of Hessian: -0.6745413928E-04 -0.6419564339E-04  0.5372833367E-03
 Eigenvectors(columns) of Hessian:
  0.9270756328E+00 -0.3411553375E+00  0.1553827752E+00
  0.3745494962E+00  0.8602081583E+00 -0.3460557748E+00
 -0.1560275621E-01  0.3790184166E+00  0.9252575825E+00
 Determinant of Hessian:  0.2326577546E-11
 Ellipticity of electron density:    0.050759
 eta index:    0.125547
 
 ----------------   CP     9,     Type (3,-1)   ----------------
 Position (Bohr):   14.03440254256732   -4.35013634843798   13.88359575473785
 Density of all electrons:  0.2473586760E+00
 Density of Alpha electrons:  0.1236793380E+00
 Density of Beta electrons:  0.1236793380E+00
 Spin density of electrons:  0.0000000000E+00
 Lagrangian kinetic energy G(r):  0.5335505130E-01
 G(r) in X,Y,Z:  0.2033083457E-01  0.1721170654E-01  0.1581251020E-01
 Hamiltonian kinetic energy K(r):  0.1998337112E+00
 Potential energy density V(r): -0.2531887625E+00
 Energy density E(r) or H(r): -0.1998337112E+00
 Laplacian of electron density: -0.5859146396E+00
 Electron localization function (ELF):  0.9649160052E+00
 Localized orbital locator (LOL):  0.8398799899E+00
 Local information entropy:  0.3726733450E-02
 Reduced density gradient (RDG):  0.1000000000E+03
 Reduced density gradient with promolecular approximation:  0.1000000000E+03
 Sign(lambda2)*rho: -0.2473586760E+00
 Sign(lambda2)*rho with promolecular approximation: -0.1693083457E+00
 Corr. hole for alpha, ref.:   0.00000   0.00000   0.00000 : -0.1623981789E-07
 Source function, ref.:   0.00000   0.00000   0.00000 :  0.2306496432E-02
 Wavefunction value for orbital         1 :  0.2682530877E-09
 Average local ionization energy (ALIE):  0.5857237336E+00
 Delta_g (under promolecular approximation):  0.2887429123E+00
 Delta_g (under Hirshfeld partition):  0.4626877288E+00
 User-defined real space function:  0.1000000000E+01
 ESP from nuclear charges:  0.4194022533E+02
 
 Note: Below information are for electron density
 
 Components of gradient in x/y/z are:
 -0.8673617380E-16 -0.1040834086E-15 -0.1127570259E-15
 Norm of gradient is:  0.1762687343E-15
 
 Components of Laplacian in x/y/z are:
 -0.3281330559E+00 -0.2073208026E+00 -0.5046078109E-01
 Total: -0.5859146396E+00
 
 Hessian matrix:
 -0.3281330559E+00 -0.1957981223E+00 -0.2364300645E+00
 -0.1957981223E+00 -0.2073208026E+00  0.3222180603E+00
 -0.2364300645E+00  0.3222180603E+00 -0.5046078109E-01
 Eigenvalues of Hessian: -0.4726684643E+00 -0.4563059617E+00  0.3430597864E+00
 Eigenvectors(columns) of Hessian:
 -0.7841581835E+00 -0.4606148045E+00 -0.4158484643E+00
 -0.6196410635E+00  0.5447084047E+00  0.5650997313E+00
  0.3377714870E-01 -0.7008043634E+00  0.7125534004E+00
 Determinant of Hessian:  0.7399162811E-01
 Ellipticity of electron density:    0.035859
 eta index:    1.377802
 
 ----------------   CP    10,     Type (3,-1)   ----------------
 Position (Bohr):    9.57940304639136   -0.72914075347425    9.67138797340140
 Density of all electrons:  0.1130035574E-02
 Density of Alpha electrons:  0.5650177872E-03
 Density of Beta electrons:  0.5650177872E-03
 Spin density of electrons:  0.0000000000E+00
 Lagrangian kinetic energy G(r):  0.6419612279E-03
 G(r) in X,Y,Z:  0.5048205208E-03  0.4611533036E-04  0.9102537682E-04
 Hamiltonian kinetic energy K(r): -0.2724154858E-03
 Potential energy density V(r): -0.3695457422E-03
 Energy density E(r) or H(r):  0.2724154858E-03
 Laplacian of electron density:  0.3657506855E-02
 Electron localization function (ELF):  0.2906719649E-02
 Localized orbital locator (LOL):  0.5198316274E-01
 Local information entropy:  0.2905942944E-04
 Reduced density gradient (RDG):  0.2063186142E-14
 Reduced density gradient with promolecular approximation:  0.8227792983E+00
 Sign(lambda2)*rho: -0.1130035574E-02
 Sign(lambda2)*rho with promolecular approximation: -0.2441783549E-02
 Corr. hole for alpha, ref.:   0.00000   0.00000   0.00000 : -0.5609041219E-04
 Source function, ref.:   0.00000   0.00000   0.00000 : -0.2135082300E-04
 Wavefunction value for orbital         1 : -0.5781741411E-10
 Average local ionization energy (ALIE):  0.4092918202E+00
 Delta_g (under promolecular approximation):  0.1654319383E-02
 Delta_g (under Hirshfeld partition):  0.1674810282E-02
 User-defined real space function:  0.1000000000E+01
 ESP from nuclear charges:  0.3875734843E+02
 
 Note: Below information are for electron density
 
 Components of gradient in x/y/z are:
 -0.1409462824E-17 -0.3117081246E-18 -0.6505213035E-18
 Norm of gradient is:  0.1583327311E-17
 
 Components of Laplacian in x/y/z are:
  0.3945039768E-02 -0.3935113156E-03  0.1059784021E-03
 Total:  0.3657506855E-02
 
 Hessian matrix:
  0.3945039768E-02  0.3338817577E-03  0.1509569034E-02
  0.3338817577E-03 -0.3935113156E-03 -0.4541546250E-04
  0.1509569034E-02 -0.4541546250E-04  0.1059784021E-03
 Eigenvalues of Hessian: -0.5661259776E-03 -0.2624268421E-03  0.4486059675E-02
 Eigenvectors(columns) of Hessian:
 -0.2725213376E+00  0.1868619744E+00 -0.9438298168E+00
  0.7006267082E+00  0.7108675358E+00 -0.6155942035E-01
  0.6594348613E+00 -0.6780486332E+00 -0.3246470618E+00
 Determinant of Hessian:  0.6664788688E-09
 Ellipticity of electron density:    1.157272
 eta index:    0.126197
 
 ----------------   CP    11,     Type (3,-1)   ----------------
 Position (Bohr):   12.76610309364988   -4.60037321763428    9.89197642034525
 Density of all electrons:  0.2861564575E+00
 Density of Alpha electrons:  0.1430782288E+00
 Density of Beta electrons:  0.1430782288E+00
 Spin density of electrons:  0.0000000000E+00
 Lagrangian kinetic energy G(r):  0.4574135094E-01
 G(r) in X,Y,Z:  0.6236763117E-02  0.1920543073E-01  0.2029915709E-01
 Hamiltonian kinetic energy K(r):  0.3140788565E+00
 Potential energy density V(r): -0.3598202075E+00
 Energy density E(r) or H(r): -0.3140788565E+00
 Laplacian of electron density: -0.1073350022E+01
 Electron localization function (ELF):  0.9838225913E+00
 Localized orbital locator (LOL):  0.8863646220E+00
 Local information entropy:  0.4228868331E-02
 Reduced density gradient (RDG):  0.1000000000E+03
 Reduced density gradient with promolecular approximation:  0.1000000000E+03
 Sign(lambda2)*rho: -0.2861564575E+00
 Sign(lambda2)*rho with promolecular approximation: -0.1862395825E+00
 Corr. hole for alpha, ref.:   0.00000   0.00000   0.00000 : -0.1324470166E-04
 Source function, ref.:   0.00000   0.00000   0.00000 :  0.5086466366E-02
 Wavefunction value for orbital         1 : -0.1043417048E-08
 Average local ionization energy (ALIE):  0.5390625015E+00
 Delta_g (under promolecular approximation):  0.2824384022E+00
 Delta_g (under Hirshfeld partition):  0.5067874162E+00
 User-defined real space function:  0.1000000000E+01
 ESP from nuclear charges:  0.4240949840E+02
 
 Note: Below information are for electron density
 
 Components of gradient in x/y/z are:
 -0.1387778781E-16 -0.3816391647E-16 -0.3209238431E-15
 Norm of gradient is:  0.3234829061E-15
 
 Components of Laplacian in x/y/z are:
  0.1790351847E+00 -0.5954083391E+00 -0.6569768680E+00
 Total: -0.1073350022E+01
 
 Hessian matrix:
  0.1790351847E+00  0.3250193932E+00  0.2241418405E+00
  0.3250193932E+00 -0.5954083391E+00  0.8348147257E-01
  0.2241418405E+00  0.8348147257E-01 -0.6569768680E+00
 Eigenvalues of Hessian: -0.7153713234E+00 -0.7119271704E+00  0.3539484713E+00
 Eigenvectors(columns) of Hessian:
 -0.9889126097E-01  0.3927999755E+00 -0.9142913637E+00
  0.7348561087E+00 -0.5906979658E+00 -0.3332602776E+00
 -0.6709746776E+00 -0.7048291229E+00 -0.2302365948E+00
 Determinant of Hessian:  0.1802632246E+00
 Ellipticity of electron density:    0.004838
 eta index:    2.021117
 
 ----------------   CP    12,     Type (3,+1)   ----------------
 Position (Bohr):    9.67466929472806   -0.42776947250147    9.38224864381325
 Density of all electrons:  0.1120907282E-02
 Density of Alpha electrons:  0.5604536408E-03
 Density of Beta electrons:  0.5604536408E-03
 Spin density of electrons:  0.0000000000E+00
 Lagrangian kinetic energy G(r):  0.6471194754E-03
 G(r) in X,Y,Z:  0.4421632386E-03  0.7718979237E-04  0.1277664444E-03
 Hamiltonian kinetic energy K(r): -0.2770155836E-03
 Potential energy density V(r): -0.3701038918E-03
 Energy density E(r) or H(r):  0.2770155836E-03
 Laplacian of electron density:  0.3696540236E-02
 Electron localization function (ELF):  0.2785283965E-02
 Localized orbital locator (LOL):  0.5093276448E-01
 Local information entropy:  0.2884265788E-04
 Reduced density gradient (RDG):  0.6306768050E-15
 Reduced density gradient with promolecular approximation:  0.5839449605E+00
 Sign(lambda2)*rho:  0.1120907282E-02
 Sign(lambda2)*rho with promolecular approximation:  0.2661855997E-02
 Corr. hole for alpha, ref.:   0.00000   0.00000   0.00000 : -0.4810953915E-04
 Source function, ref.:   0.00000   0.00000   0.00000 : -0.2181615049E-04
 Wavefunction value for orbital         1 :  0.3158207362E-08
 Average local ionization energy (ALIE):  0.4286779908E+00
 Delta_g (under promolecular approximation):  0.2153988105E-02
 Delta_g (under Hirshfeld partition):  0.1850239784E-02
 User-defined real space function:  0.1000000000E+01
 ESP from nuclear charges:  0.3899063660E+02
 
 Note: Below information are for electron density
 
 Components of gradient in x/y/z are:
 -0.3252606517E-18  0.1355252716E-18  0.1355252716E-18
 Norm of gradient is:  0.3775297207E-18
 
 Components of Laplacian in x/y/z are:
  0.3347569770E-02 -0.1094809337E-03  0.4584514000E-03
 Total:  0.3696540236E-02
 
 Hessian matrix:
  0.3347569770E-02  0.1233808839E-03  0.1385443470E-02
  0.1233808839E-03 -0.1094809337E-03 -0.4224716620E-03
  0.1385443470E-02 -0.4224716620E-03  0.4584514000E-03
 Eigenvalues of Hessian: -0.5422591232E-03  0.3337695838E-03  0.3905029775E-02
 Eigenvectors(columns) of Hessian:
 -0.2556379022E+00 -0.2733402899E+00  0.9273264522E+00
  0.7116591061E+00 -0.7024408866E+00 -0.1086818409E-01
  0.6543627278E+00  0.6571619943E+00  0.3740956211E+00
 Determinant of Hessian: -0.7067697844E-09
 Ellipticity of electron density:   -2.624651
 eta index:    0.138862
 
 ----------------   CP    13,     Type (3,+1)   ----------------
 Position (Bohr):   12.82635144131394   -3.54141121507609    3.14648750202562
 Density of all electrons:  0.8080685599E-04
 Density of Alpha electrons:  0.4040342800E-04
 Density of Beta electrons:  0.4040342800E-04
 Spin density of electrons:  0.0000000000E+00
 Lagrangian kinetic energy G(r):  0.5191149775E-04
 G(r) in X,Y,Z:  0.2256589893E-04  0.4125330871E-05  0.2522026796E-04
 Hamiltonian kinetic energy K(r): -0.4055350746E-04
 Potential energy density V(r): -0.1135799029E-04
 Energy density E(r) or H(r):  0.4055350746E-04
 Laplacian of electron density:  0.3698600209E-03
 Electron localization function (ELF):  0.4906072331E-04
 Localized orbital locator (LOL):  0.8284616856E-02
 Local information entropy:  0.2499261102E-05
 Reduced density gradient (RDG):  0.5153720866E-14
 Reduced density gradient with promolecular approximation:  0.6899755061E+00
 Sign(lambda2)*rho:  0.8080685599E-04
 Sign(lambda2)*rho with promolecular approximation:  0.3122717093E-03
 Corr. hole for alpha, ref.:   0.00000   0.00000   0.00000 : -0.2132621569E-06
 Source function, ref.:   0.00000   0.00000   0.00000 : -0.2152565369E-05
 Wavefunction value for orbital         1 :  0.7655091548E-10
 Average local ionization energy (ALIE):  0.4675114028E+00
 Delta_g (under promolecular approximation):  0.4530517039E-03
 Delta_g (under Hirshfeld partition):  0.1488282057E-03
 User-defined real space function:  0.1000000000E+01
 ESP from nuclear charges:  0.3611306814E+02
 
 Note: Below information are for electron density
 
 Components of gradient in x/y/z are:
 -0.9359714067E-19  0.3049318610E-19 -0.4912791094E-19
 Norm of gradient is:  0.1100173203E-18
 
 Components of Laplacian in x/y/z are:
  0.1908487887E-03 -0.8376853105E-05  0.1873880853E-03
 Total:  0.3698600209E-03
 
 Hessian matrix:
  0.1908487887E-03 -0.4316918068E-04  0.3180342249E-04
 -0.4316918068E-04 -0.8376853105E-05 -0.7975227506E-04
  0.3180342249E-04 -0.7975227506E-04  0.1873880853E-03
 Eigenvalues of Hessian: -0.4077550414E-04  0.1600119140E-03  0.2506236110E-03
 Eigenvectors(columns) of Hessian:
  0.1327940092E+00  0.7765120182E+00  0.6159503525E+00
  0.9412535217E+00  0.9588229370E-01 -0.3238030167E+00
  0.3104956666E+00 -0.6227645392E+00  0.7181620776E+00
 Determinant of Hessian: -0.1635210407E-11
 Ellipticity of electron density:   -1.254828
 eta index:    0.162696
 
 ----------------   CP    14,     Type (3,-1)   ----------------
 Position (Bohr):   16.01313668231682   -6.50559932514866    8.48428713010998
 Density of all electrons:  0.2836173066E+00
 Density of Alpha electrons:  0.1418086533E+00
 Density of Beta electrons:  0.1418086533E+00
 Spin density of electrons:  0.0000000000E+00
 Lagrangian kinetic energy G(r):  0.4334783342E-01
 G(r) in X,Y,Z:  0.1986917051E-01  0.4080913324E-02  0.1939774959E-01
 Hamiltonian kinetic energy K(r):  0.3131676319E+00
 Potential energy density V(r): -0.3565154653E+00
 Energy density E(r) or H(r): -0.3131676319E+00
 Laplacian of electron density: -0.1079279194E+01
 Electron localization function (ELF):  0.9850147178E+00
 Localized orbital locator (LOL):  0.8902233646E+00
 Local information entropy:  0.4196340085E-02
 Reduced density gradient (RDG):  0.1000000000E+03
 Reduced density gradient with promolecular approximation:  0.1000000000E+03
 Sign(lambda2)*rho: -0.2836173066E+00
 Sign(lambda2)*rho with promolecular approximation: -0.1846429166E+00
 Corr. hole for alpha, ref.:   0.00000   0.00000   0.00000 : -0.1564427434E-06
 Source function, ref.:   0.00000   0.00000   0.00000 :  0.4460639513E-02
 Wavefunction value for orbital         1 : -0.4122944112E-10
 Average local ionization energy (ALIE):  0.5290305129E+00
 Delta_g (under promolecular approximation):  0.2927784756E+00
 Delta_g (under Hirshfeld partition):  0.5118091752E+00
 User-defined real space function:  0.1000000000E+01
 ESP from nuclear charges:  0.3824130224E+02
 
 Note: Below information are for electron density
 
 Components of gradient in x/y/z are:
  0.7979727989E-15  0.1773754754E-15 -0.7632783294E-16
 Norm of gradient is:  0.8210046195E-15
 
 Components of Laplacian in x/y/z are:
 -0.6702508697E+00  0.2533474382E+00 -0.6623757625E+00
 Total: -0.1079279194E+01
 
 Hessian matrix:
 -0.6702508697E+00 -0.1924381134E+00  0.4165620305E-01
 -0.1924381134E+00  0.2533474382E+00 -0.2081408116E+00
  0.4165620305E-01 -0.2081408116E+00 -0.6623757625E+00
 Eigenvalues of Hessian: -0.7087429212E+00 -0.7074645740E+00  0.3369283012E+00
 Eigenvectors(columns) of Hessian:
 -0.9811453394E+00 -0.2331593374E-01 -0.1918598191E+00
 -0.1924875137E+00  0.2071989084E+00  0.9591752548E+00
  0.1738907842E-01  0.9780209505E+00 -0.2077802694E+00
 Determinant of Hessian:  0.1689393909E+00
 Ellipticity of electron density:    0.001807
 eta index:    2.103542
 
 ----------------   CP    15,     Type (3,-1)   ----------------
 Position (Bohr):   11.39743221273967    0.59493589782409    7.65945702799832
 Density of all electrons:  0.2342830983E-02
 Density of Alpha electrons:  0.1171415491E-02
 Density of Beta electrons:  0.1171415491E-02
 Spin density of electrons:  0.0000000000E+00
 Lagrangian kinetic energy G(r):  0.1560512975E-02
 G(r) in X,Y,Z:  0.1000093240E-02  0.3543941611E-03  0.2060255735E-03
 Hamiltonian kinetic energy K(r): -0.6461417386E-03
 Potential energy density V(r): -0.9143712361E-03
 Energy density E(r) or H(r):  0.6461417386E-03
 Laplacian of electron density:  0.8826618853E-02
 Electron localization function (ELF):  0.5676123672E-02
 Localized orbital locator (LOL):  0.7066561478E-01
 Local information entropy:  0.5687121241E-04
 Reduced density gradient (RDG):  0.1475314341E-14
 Reduced density gradient with promolecular approximation:  0.8307880759E-01
 Sign(lambda2)*rho: -0.2342830983E-02
 Sign(lambda2)*rho with promolecular approximation: -0.5572853938E-02
 Corr. hole for alpha, ref.:   0.00000   0.00000   0.00000 : -0.4822988895E-05
 Source function, ref.:   0.00000   0.00000   0.00000 : -0.5110253533E-04
 Wavefunction value for orbital         1 :  0.1022004913E-07
 Average local ionization energy (ALIE):  0.5035574175E+00
 Delta_g (under promolecular approximation):  0.8178910305E-02
 Delta_g (under Hirshfeld partition):  0.4330851470E-02
 User-defined real space function:  0.1000000000E+01
 ESP from nuclear charges:  0.3925468336E+02
 
 Note: Below information are for electron density
 
 Components of gradient in x/y/z are:
 -0.2439454888E-17  0.1368805243E-17 -0.8673617380E-18
 Norm of gradient is:  0.2928631818E-17
 
 Components of Laplacian in x/y/z are:
  0.7556234000E-02  0.1361175200E-02 -0.9079034740E-04
 Total:  0.8826618853E-02
 
 Hessian matrix:
  0.7556234000E-02 -0.5532679696E-02  0.3269578754E-02
 -0.5532679696E-02  0.1361175200E-02 -0.2028242558E-02
  0.3269578754E-02 -0.2028242558E-02 -0.9079034740E-04
 Eigenvalues of Hessian: -0.1896536437E-02 -0.1297879854E-02  0.1202103514E-01
 Eigenvectors(columns) of Hessian:
 -0.4607578066E+00 -0.3367231850E+00  0.8211697391E+00
 -0.8750060733E+00  0.1748361215E-01 -0.4837961296E+00
 -0.1485483604E+00  0.9414413524E+00  0.3026905427E+00
 Determinant of Hessian:  0.2958949473E-07
 Ellipticity of electron density:    0.461257
 eta index:    0.157768
 
 ----------------   CP    16,     Type (3,-1)   ----------------
 Position (Bohr):    4.92026274132231   -1.61228201558455    7.17851192324246
 Density of all electrons:  0.2318421304E+00
 Density of Alpha electrons:  0.1159210652E+00
 Density of Beta electrons:  0.1159210652E+00
 Spin density of electrons:  0.0000000000E+00
 Lagrangian kinetic energy G(r):  0.5328881068E-01
 G(r) in X,Y,Z:  0.2359546658E-01  0.2213140163E-01  0.7561942465E-02
 Hamiltonian kinetic energy K(r):  0.1781594824E+00
 Potential energy density V(r): -0.2314482931E+00
 Energy density E(r) or H(r): -0.1781594824E+00
 Laplacian of electron density: -0.4994826871E+00
 Electron localization function (ELF):  0.9569272830E+00
 Localized orbital locator (LOL):  0.8250013049E+00
 Local information entropy:  0.3522641989E-02
 Reduced density gradient (RDG):  0.1000000000E+03
 Reduced density gradient with promolecular approximation:  0.1000000000E+03
 Sign(lambda2)*rho: -0.2318421304E+00
 Sign(lambda2)*rho with promolecular approximation: -0.1664890502E+00
 Corr. hole for alpha, ref.:   0.00000   0.00000   0.00000 : -0.4069164187E-03
 Source function, ref.:   0.00000   0.00000   0.00000 :  0.4490764231E-02
 Wavefunction value for orbital         1 :  0.8451420182E-09
 Average local ionization energy (ALIE):  0.6028483666E+00
 Delta_g (under promolecular approximation):  0.3025128520E+00
 Delta_g (under Hirshfeld partition):  0.4416361132E+00
 User-defined real space function:  0.1000000000E+01
 ESP from nuclear charges:  0.4293068981E+02
 
 Note: Below information are for electron density
 
 Components of gradient in x/y/z are:
  0.7285838599E-16  0.6678685383E-16 -0.3295974604E-16
 Norm of gradient is:  0.1041881621E-15
 
 Components of Laplacian in x/y/z are:
 -0.3618376950E+00 -0.2499676133E+00  0.1123226213E+00
 Total: -0.4994826871E+00
 
 Hessian matrix:
 -0.3618376950E+00  0.4918805181E-01  0.1640450935E+00
  0.4918805181E-01 -0.2499676133E+00  0.2835383570E+00
  0.1640450935E+00  0.2835383570E+00  0.1123226213E+00
 Eigenvalues of Hessian: -0.4391322256E+00 -0.3698935037E+00  0.3095430422E+00
 Eigenvectors(columns) of Hessian:
 -0.6793211564E+00 -0.6925596176E+00  0.2426601378E+00
 -0.5505760100E+00  0.6996191841E+00  0.4554108633E+00
  0.4851688610E+00 -0.1757673839E+00  0.8565728242E+00
 Determinant of Hessian:  0.5027974418E-01
 Ellipticity of electron density:    0.187186
 eta index:    1.418647
 
 ----------------   CP    17,     Type (3,-1)   ----------------
 Position (Bohr):   12.46081641829390   -8.05700554300501   12.86534236361737
 Density of all electrons:  0.3414338124E+00
 Density of Alpha electrons:  0.1707169062E+00
 Density of Beta electrons:  0.1707169062E+00
 Spin density of electrons:  0.0000000000E+00
 Lagrangian kinetic energy G(r):  0.5453614951E-01
 G(r) in X,Y,Z:  0.7540545913E-02  0.1510479054E-01  0.3189081306E-01
 Hamiltonian kinetic energy K(r):  0.4554777337E+00
 Potential energy density V(r): -0.5100138833E+00
 Energy density E(r) or H(r): -0.4554777337E+00
 Laplacian of electron density: -0.1603766337E+01
 Electron localization function (ELF):  0.9871932740E+00
 Localized orbital locator (LOL):  0.8977647027E+00
 Local information entropy:  0.4926591734E-02
 Reduced density gradient (RDG):  0.1000000000E+03
 Reduced density gradient with promolecular approximation:  0.1000000000E+03
 Sign(lambda2)*rho: -0.3414338124E+00
 Sign(lambda2)*rho with promolecular approximation: -0.2184688998E+00
 Corr. hole for alpha, ref.:   0.00000   0.00000   0.00000 : -0.6892885620E-07
 Source function, ref.:   0.00000   0.00000   0.00000 :  0.6498363169E-02
 Wavefunction value for orbital         1 : -0.1448078701E-08
 Average local ionization energy (ALIE):  0.6391303134E+00
